Date Hour DryBulb DewPnt WetBulb Humidity ElecPrice SYSLoad

1/1/2006 0.5 23.9 21.65 22.4 87.5 19.67 8013.278

1/1/2006 1 23.9 21.7 22.4 88 18.56 7726.892

1/1/2006 1.5 23.8 21.65 22.35 88 19.09 7372.858

1/1/2006 2 23.7 21.6 22.3 88 17.4 7071.833

1/1/2006 2.5 23.7 21.6 22.3 88 17 6865.44

1/1/2006 3 23.7 21.6 22.3 88 17 6685.927

1/1/2006 3.5 23.6 21.65 22.3 89 17 6548.628

1/1/2006 4 23.5 21.7 22.3 90 16.92 6487.837

1/1/2006 4.5 23.5 21.7 22.3 90 15.2 6449.178

1/1/2006 5 23.5 21.7 22.3 90 14.99 6388.278

1/1/2006 5.5 23.75 21.7 22.4 88.5 15.08 6395.48

1/1/2006 6 24 21.7 22.5 87 15.16 6494.333

1/1/2006 6.5 24.7 21.75 22.75 84 14.35 6715.202

1/1/2006 7 25.4 21.8 23 81 15.25 7062.48

1/1/2006 7.5 27.35 22.05 23.75 73.5 15.74 7532.117

1/1/2006 8 29.3 22.3 24.5 66 16.46 8037.868

1/1/2006 8.5 32.15 18.85 23.6 48.5 16.95 8623.735

1/1/2006 9 35 15.4 22.7 31 19.09 9169.365

1/1/2006 9.5 36.65 14.5 22.85 27 24 9600.79

1/1/2006 10 38.3 13.6 23 23 29.85 10005.31

1/1/2006 10.5 39.15 13.4 23.2 22 34.03 10264.63

1/1/2006 11 40 13.2 23.4 21 43.63 10463.6

1/1/2006 11.5 40.7 13.15 23.6 20 45.6 10647.81

1/1/2006 12 41.4 13.1 23.8 19 47.21 10682.94

1/1/2006 12.5 42.05 12.85 23.9 18 68.11 10787.55

1/1/2006 13 42.7 12.6 24 17 99.57 10842.33

1/1/2006 13.5 43.05 12.45 24.05 16.5 153.18 10907.03

1/1/2006 14 43.4 12.3 24.1 16 100.75 10859.59

1/1/2006 14.5 43.6 12.4 24.2 16 103.6 10903.85

1/1/2006 15 43.8 12.5 24.3 16 103.65 10900.74

1/1/2006 15.5 43.8 11.9 24.1 15.5 104.24 10952.31

1/1/2006 16 43.8 11.3 23.9 15 104.36 10948.03

1/1/2006 16.5 43.5 11.85 24 15.5 104.25 10904.45

1/1/2006 17 43.2 12.4 24.1 16 103.93 10997.9

1/1/2006 17.5 42.5 12.2 23.8 16.5 73.93 11026.05

1/1/2006 18 41.8 12 23.5 17 60.38 11009.99

1/1/2006 18.5 40.55 13.05 23.5 20 48.13 10923.49

1/1/2006 19 39.3 14.1 23.5 23 45.25 10894.9

1/1/2006 19.5 38.2 14.95 23.5 25.5 49.16 10952.22

1/1/2006 20 37.1 15.8 23.5 28 49.01 11112.76

1/1/2006 20.5 31.15 17.4 22.35 48.5 40.53 10821.02

1/1/2006 21 25.2 19 21.2 69 26.9 10247.08

1/1/2006 21.5 24.5 19.1 21.05 72 20.94 9842.207

1/1/2006 22 23.8 19.2 20.9 75 18.48 9345.815

1/1/2006 22.5 23.45 18.9 20.6 75.5 17.63 8924.16

1/1/2006 23 23.1 18.6 20.3 76 16.87 8416.873

1/1/2006 23.5 22.95 18.5 20.15 76 16.84 8044.818

1/2/2006 0 22.8 18.4 20 76 16.37 7737.028

1/2/2006 0.5 22.85 18.1 19.85 74.5 15.35 7378.523

1/2/2006 1 22.9 17.8 19.7 73 15.1 7146.215

1/2/2006 1.5 22.45 18.05 19.7 76.5 15.12 6852.245

1/2/2006 2 22 18.3 19.7 80 15.1 6643.685

1/2/2006 2.5 21.75 18.05 19.45 79.5 15.07 6529.548

1/2/2006 3 21.5 17.8 19.2 79 15.1 6448.595

1/2/2006 3.5 21.25 17.8 19.1 80.5 15.01 6375.288

1/2/2006 4 21 17.8 19 82 14.8 6364.803

1/2/2006 4.5 20.85 18.2 19.2 85 15.07 6423.773

1/2/2006 5 20.7 18.6 19.4 88 15.02 6427.653

1/2/2006 5.5 20.15 18.4 19.05 90 14.22 6568.188

1/2/2006 6 19.6 18.2 18.7 92 15.07 6636.457

1/2/2006 6.5 19.5 18 18.55 91 14.08 6802.528

1/2/2006 7 19.4 17.8 18.4 90 15.1 6990.358

1/2/2006 7.5 19.45 17.75 18.4 89.5 15.18 7159.07

1/2/2006 8 19.5 17.7 18.4 89 15.58 7482.438

1/2/2006 8.5 19.6 17.6 18.4 88 15.94 7721.508

1/2/2006 9 19.7 17.5 18.4 87 16.78 8007.92

1/2/2006 9.5 19.9 17.4 18.4 85.5 16.84 8194.558

1/2/2006 10 20.1 17.3 18.4 84 16.92 8287.84

1/2/2006 10.5 20.25 17.55 18.6 84.5 17 8354.122

1/2/2006 11 20.4 17.8 18.8 85 17 8398.813

1/2/2006 11.5 20.7 17.2 18.55 80.5 17 8348.86

1/2/2006 12 21 16.6 18.3 76 17 8341.387

1/2/2006 12.5 21.45 16.9 18.65 75.5 17.18 8324.505

1/2/2006 13 21.9 17.2 19 75 17 8322.007

1/2/2006 13.5 21.6 16.75 18.65 74 17 8303.152

1/2/2006 14 21.3 16.3 18.3 73 17.04 8314.053

1/2/2006 14.5 21.3 16.7 18.5 75 17.03 8319.595

1/2/2006 15 21.3 17.1 18.7 77 16.97 8327.145

1/2/2006 15.5 21.3 16.75 18.5 75.5 17.11 8328.98

1/2/2006 16 21.3 16.4 18.3 74 17.26 8351.05

1/2/2006 16.5 21.25 16.5 18.35 74.5 17.6 8389.24

1/2/2006 17 21.2 16.6 18.4 75 17.9 8456.728

1/2/2006 17.5 21.1 16.7 18.4 76 17.4 8353.723

1/2/2006 18 21 16.8 18.4 77 17.2 8334.127

1/2/2006 18.5 20.9 17 18.5 78.5 16.86 8191.81

1/2/2006 19 20.8 17.2 18.6 80 16.86 8087.223

1/2/2006 19.5 20.8 17.2 18.6 80 16.87 8056.537

1/2/2006 20 20.8 17.2 18.6 80 17 8280.22

1/2/2006 20.5 20.7 17.25 18.6 80.5 16.87 8096.093

1/2/2006 21 20.6 17.3 18.6 81 16.84 7884.9

1/2/2006 21.5 20.45 17.4 18.6 82.5 16.84 7911.675

1/2/2006 22 20.3 17.5 18.6 84 16.51 7816.335

1/2/2006 22.5 20.2 17.6 18.6 85 16.29 7808.348

1/2/2006 23 20.1 17.7 18.6 86 16.25 7632.937

1/2/2006 23.5 20.1 17.75 18.65 86.5 16.43 7429.403

1/3/2006 0 20.1 17.8 18.7 87 15.88 7254.753

1/3/2006 0.5 20 17.85 18.7 87.5 15.43 7069.568

1/3/2006 1 19.9 17.9 18.7 88 15.08 6853.235

1/3/2006 1.5 19.85 17.9 18.65 88.5 15.28 6521.88

1/3/2006 2 19.8 17.9 18.6 89 14.69 6255.028

1/3/2006 2.5 19.75 18 18.65 89.5 12.49 6090.655

1/3/2006 3 19.7 18.1 18.7 90 11.82 6046.283

1/3/2006 3.5 19.65 17.9 18.55 89.5 11.01 6035.498

1/3/2006 4 19.6 17.7 18.4 89 10.7 6040.677

1/3/2006 4.5 19.6 17.85 18.5 89.5 12.12 6143.955

1/3/2006 5 19.6 18 18.6 90 13.84 6316.1

1/3/2006 5.5 19.65 18.15 18.7 91 15.02 6706.717

1/3/2006 6 19.7 18.3 18.8 92 16.06 7114.53

1/3/2006 6.5 19.95 18.2 18.85 90 15.36 7488.118

1/3/2006 7 20.2 18.1 18.9 88 16.33 7939.335

1/3/2006 7.5 21.25 18.3 19.4 83.5 16.84 8431.573

1/3/2006 8 22.3 18.5 19.9 79 16.95 8885.897

1/3/2006 8.5 23.75 17.95 20.1 70.5 17.93 9354.922

1/3/2006 9 25.2 17.4 20.3 62 18.78 9577.29

1/3/2006 9.5 27 14.2 19.45 47.5 19.92 9787.94

1/3/2006 10 28.8 11 18.6 33 23.63 9957.565

1/3/2006 10.5 29.7 11.65 19.2 33 28.25 10097.47

1/3/2006 11 30.6 12.3 19.8 33 33.55 10197.69

1/3/2006 11.5 29.5 12.75 19.6 36 46.16 10313.15

1/3/2006 12 28.4 13.2 19.4 39 47.12 10326.97

1/3/2006 12.5 27.9 14.55 19.85 44.5 57.96 10441.28

1/3/2006 13 27.4 15.9 20.3 50 72.93 10536.01

1/3/2006 13.5 27.15 16.45 20.5 52.5 106.03 10658.27

1/3/2006 14 26.9 17 20.7 55 159.06 10674.24

1/3/2006 14.5 26.8 17.35 20.85 56.5 186.86 10647.04

1/3/2006 15 26.7 17.7 21 58 268.05 10671.08

1/3/2006 15.5 26.45 18.05 21.1 60 195.79 10642.9

1/3/2006 16 26.2 18.4 21.2 62 212.73 10606.67

1/3/2006 16.5 25.3 17.9 20.6 63.5 52.29 10439.75

1/3/2006 17 24.4 17.4 20 65 57.62 10246.81

1/3/2006 17.5 23.6 17 19.5 66.5 41.49 9837.412

1/3/2006 18 22.8 16.6 19 68 26.26 9631.523

1/3/2006 18.5 22.45 16.65 18.9 69.5 17.13 9280.947

1/3/2006 19 22.1 16.7 18.8 71 16.97 8988.575

1/3/2006 19.5 21.8 16.35 18.5 71 17 8951.842

1/3/2006 20 21.5 16 18.2 71 17.64 8967.457

1/3/2006 20.5 21.25 15.85 18 71.5 18.03 8740.827

1/3/2006 21 21 15.7 17.8 72 16.93 8452.168

1/3/2006 21.5 21 15.95 17.95 73 16.88 8436.542

1/3/2006 22 21 16.2 18.1 74 16.91 8259.347

1/3/2006 22.5 20.95 16.05 18 73.5 16.93 8184.603

1/3/2006 23 20.9 15.9 17.9 73 16.87 8010.577

1/3/2006 23.5 20.8 15.8 17.8 73 16.87 7780.862

1/4/2006 0 20.7 15.7 17.7 73 16.8 7526.442

1/4/2006 0.5 20.7 15.7 17.7 73 16.71 7340.255

1/4/2006 1 20.7 15.7 17.7 73 16.57 7113.483

1/4/2006 1.5 20.85 15.8 17.8 73 16.55 6772.77

1/4/2006 2 21 15.9 17.9 73 15.51 6490.732

1/4/2006 2.5 20.8 15.85 17.8 73.5 15.97 6332.303

1/4/2006 3 20.6 15.8 17.7 74 15.53 6252.633

1/4/2006 3.5 20.45 15.5 17.5 73.5 15.29 6232.967

1/4/2006 4 20.3 15.2 17.3 73 15.17 6250.015

1/4/2006 4.5 20.2 15 17.15 72.5 16.08 6422.308

1/4/2006 5 20.1 14.8 17 72 16.36 6609.357

1/4/2006 5.5 19.85 14.65 16.8 72 15.94 6995.363

1/4/2006 6 19.6 14.5 16.6 72 16.27 7333.258

1/4/2006 6.5 19.8 14.1 16.5 69.5 16.46 7638.998

1/4/2006 7 20 13.7 16.4 67 16.76 8009.262

1/4/2006 7.5 20.1 13.85 16.5 67.5 16.84 8336.075

1/4/2006 8 20.2 14 16.6 68 16.97 8615.203

1/4/2006 8.5 20.05 14.05 16.6 68.5 17.05 8957.153

1/4/2006 9 19.9 14.1 16.6 69 17.89 9037.277

1/4/2006 9.5 19.75 14.3 16.6 70.5 19.64 9102.865

1/4/2006 10 19.6 14.5 16.6 72 17.66 9115.162

1/4/2006 10.5 19.7 14.5 16.65 71.5 19.45 9092.605

1/4/2006 11 19.8 14.5 16.7 71 17.27 9065.497

1/4/2006 11.5 19.85 14.65 16.8 71.5 18.44 8938.875

1/4/2006 12 19.9 14.8 16.9 72 19.36 8949.79

1/4/2006 12.5 20 15 17.05 72.5 19.06 9016.868

1/4/2006 13 20.1 15.2 17.2 73 19.13 8940.057

1/4/2006 13.5 20.2 15.2 17.25 73 17.09 8884.267

1/4/2006 14 20.3 15.2 17.3 73 16.86 8863.562

1/4/2006 14.5 20.25 15.05 17.2 72.5 16.84 8838.272

1/4/2006 15 20.2 14.9 17.1 72 16.92 8890.973

1/4/2006 15.5 20.35 14.9 17.15 71 16.85 8917.077

1/4/2006 16 20.5 14.9 17.2 70 16.84 8864.677

1/4/2006 16.5 20.7 15.05 17.35 70 16.93 8871.462

1/4/2006 17 20.9 15.2 17.5 70 16.84 8787.248

1/4/2006 17.5 20.85 15.05 17.4 69.5 16.84 8569.938

1/4/2006 18 20.8 14.9 17.3 69 16.84 8497.722

1/4/2006 18.5 20.7 14.95 17.3 69.5 16.68 8284.922

1/4/2006 19 20.6 15 17.3 70 16.26 8122.153

1/4/2006 19.5 20.6 15.2 17.4 71 16.84 8243.823

1/4/2006 20 20.6 15.4 17.5 72 16.84 8328.74

1/4/2006 20.5 20.6 15.5 17.55 72.5 16.87 8165.087

1/4/2006 21 20.6 15.6 17.6 73 16.76 7936.017

1/4/2006 21.5 20.55 15.7 17.65 73.5 16.84 8035.383

1/4/2006 22 20.5 15.8 17.7 74 16.78 7928.495

1/4/2006 22.5 20.4 16 17.75 75.5 16.87 7931.402

1/4/2006 23 20.3 16.2 17.8 77 16.81 7812.467

1/4/2006 23.5 19.9 16.5 17.85 80.5 16.87 7629.6

1/5/2006 0 19.5 16.8 17.9 84 16.62 7467.542

1/5/2006 0.5 19.35 16.95 17.9 86 16.1 7270.788

1/5/2006 1 19.2 17.1 17.9 88 16.43 7066.653

1/5/2006 1.5 19.1 17.5 18.1 90.5 15.97 6712.657

1/5/2006 2 19 17.9 18.3 93 15.3 6408.31

1/5/2006 2.5 18.85 17.75 18.15 93 15 6189.755

1/5/2006 3 18.7 17.6 18 93 14.8 6086.958

1/5/2006 3.5 18.65 17.65 18 94 14.49 6062.905

1/5/2006 4 18.6 17.7 18 95 13.78 6095.857

1/5/2006 4.5 18.5 17.65 17.95 95 15.02 6240.735

1/5/2006 5 18.4 17.6 17.9 95 15.1 6446.303

1/5/2006 5.5 18.7 18 18.25 95.5 15.67 6835.523

1/5/2006 6 19 18.4 18.6 96 15.84 7209.678

1/5/2006 6.5 19.55 18.7 19 94.5 15.97 7556.898

1/5/2006 7 20.1 19 19.4 93 16.15 7944.997

1/5/2006 7.5 20.3 19 19.5 92 16.65 8279.402

1/5/2006 8 20.5 19 19.6 91 16.92 8449.717

1/5/2006 8.5 20.85 19 19.7 89 16.98 8836.897

1/5/2006 9 21.2 19 19.8 87 17 9030.353

1/5/2006 9.5 21.3 18 19.25 81.5 16.98 9089.927

1/5/2006 10 21.4 17 18.7 76 17.05 9145.738

1/5/2006 10.5 21.45 17.7 19.15 79.5 16.97 9141.738

1/5/2006 11 21.5 18.4 19.6 83 17 9103.313

1/5/2006 11.5 20.85 17.85 19 83 16.99 9081.44

1/5/2006 12 20.2 17.3 18.4 83 16.98 9034.897

1/5/2006 12.5 20.1 17.25 18.35 83.5 16.99 9059.283

1/5/2006 13 20 17.2 18.3 84 16.97 9018.345

1/5/2006 13.5 19.8 17.5 18.4 86.5 16.51 8929.175

1/5/2006 14 19.6 17.8 18.5 89 16.92 8952.622

1/5/2006 14.5 19.4 17.75 18.4 90 17.03 8909.268

1/5/2006 15 19.2 17.7 18.3 91 18.64 8913.96

1/5/2006 15.5 19.1 17.65 18.2 91.5 19.18 8908.565

1/5/2006 16 19 17.6 18.1 92 17.25 8983.312

1/5/2006 16.5 18.95 17.75 18.2 93 17.03 9001.805

1/5/2006 17 18.9 17.9 18.3 94 17.11 9044.885

1/5/2006 17.5 18.9 17.85 18.25 93.5 16.99 8876.298

1/5/2006 18 18.9 17.8 18.2 93 16.94 8771.892

1/5/2006 18.5 18.9 17.8 18.2 93 16.84 8593.185

1/5/2006 19 18.9 17.8 18.2 93 16.89 8478.74

1/5/2006 19.5 18.95 18 18.35 94 16.99 8480.693

1/5/2006 20 19 18.2 18.5 95 16.84 8542.623

1/5/2006 20.5 19.15 18.45 18.7 95.5 16.89 8241.538

1/5/2006 21 19.3 18.7 18.9 96 16.82 8009.843

1/5/2006 21.5 19.55 18.95 19.15 96 16.84 8074.202

1/5/2006 22 19.8 19.2 19.4 96 16.22 7824.558

1/5/2006 22.5 19.85 19.1 19.35 95.5 16.84 7955.738

1/5/2006 23 19.9 19 19.3 95 16.46 7842.082

1/5/2006 23.5 20.25 19.25 19.6 94 16.76 7728.873

1/6/2006 0 20.6 19.5 19.9 93 16 7536.123

1/6/2006 0.5 20.3 19.6 19.85 95.5 16.02 7351.495

1/6/2006 1 20 19.7 19.8 98 15.62 7075.272

1/6/2006 1.5 20.1 19.8 19.9 98 15.53 6745.605

1/6/2006 2 20.2 19.9 20 98 15.1 6373.425

1/6/2006 2.5 20.1 19.8 19.9 98 14.36 6193.193

1/6/2006 3 20 19.7 19.8 98 12.96 6100.968

1/6/2006 3.5 20.1 19.7 19.85 97.5 12.27 6103.505

1/6/2006 4 20.2 19.7 19.9 97 12 6135.67

1/6/2006 4.5 20.35 19.75 20 96.5 14.68 6273.987

1/6/2006 5 20.5 19.8 20.1 96 14.96 6468.907

1/6/2006 5.5 20.85 19.4 19.95 91.5 15.42 6869.505

1/6/2006 6 21.2 19 19.8 87 16.36 7231.082

1/6/2006 6.5 21.55 18.95 19.9 85 15.04 7570.157

1/6/2006 7 21.9 18.9 20 83 16.22 7925.637

1/6/2006 7.5 22.25 18.7 20 80.5 16.31 8362.997

1/6/2006 8 22.6 18.5 20 78 16.84 8703.208

1/6/2006 8.5 23.2 18.5 20.2 75 16.98 9049.52

1/6/2006 9 23.8 18.5 20.4 72 17 9208.065

1/6/2006 9.5 23.9 18.05 20.2 69.5 17.49 9353.452

1/6/2006 10 24 17.6 20 67 17.8 9393.597

1/6/2006 10.5 24 17.95 20.2 68.5 17.5 9349.065

1/6/2006 11 24 18.3 20.4 70 18.95 9449.097

1/6/2006 11.5 23.6 18.45 20.35 72.5 19.29 9434.122

1/6/2006 12 23.2 18.6 20.3 75 19.08 9479.707

1/6/2006 12.5 23.55 18.5 20.35 73 19.52 9507.172

1/6/2006 13 23.9 18.4 20.4 71 19.5 9518.458

1/6/2006 13.5 24.75 18.45 20.75 68 19.64 9541.348

1/6/2006 14 25.6 18.5 21.1 65 19.66 9589.825

1/6/2006 14.5 25.95 18.75 21.35 64.5 19.36 9611.14

1/6/2006 15 26.3 19 21.6 64 19.48 9612.587

1/6/2006 15.5 25.2 19.05 21.25 69 19.63 9673.71

1/6/2006 16 24.1 19.1 20.9 74 19.7 9618.33

1/6/2006 16.5 24.05 19.25 20.95 74.5 19.6 9555.03

1/6/2006 17 24 19.4 21 75 18.94 9404.537

1/6/2006 17.5 23.45 19.6 20.95 79 17.31 9104.795

1/6/2006 18 22.9 19.8 20.9 83 17 8928.027

1/6/2006 18.5 22.4 19.35 20.45 83 16.87 8689.27

1/6/2006 19 21.9 18.9 20 83 16.84 8530.553

1/6/2006 19.5 21.55 18.3 19.5 81.5 16.84 8474.363

1/6/2006 20 21.2 17.7 19 80 16.84 8452.738

1/6/2006 20.5 21.15 17.7 19 80.5 16.89 8276.662

1/6/2006 21 21.1 17.7 19 81 16.59 8018.165

1/6/2006 21.5 20.9 17.4 18.75 80.5 16.51 8142.412

1/6/2006 22 20.7 17.1 18.5 80 16.35 8091.98

1/6/2006 22.5 20.75 17.25 18.6 80.5 16.65 8142.597

1/6/2006 23 20.8 17.4 18.7 81 16.34 7995.392

1/6/2006 23.5 20.6 18.05 19 85.5 16.68 7819.59

1/7/2006 0 20.4 18.7 19.3 90 16.19 7619.9

1/7/2006 0.5 20.2 18.8 19.3 91.5 15.61 7390.98

1/7/2006 1 20 18.9 19.3 93 15.47 7084.758

1/7/2006 1.5 19.85 18.75 19.15 93 15.84 6742.413

1/7/2006 2 19.7 18.6 19 93 15.21 6433.325

1/7/2006 2.5 19.55 18.4 18.85 93 14.8 6251.473

1/7/2006 3 19.4 18.2 18.7 93 12.67 6110.9

1/7/2006 3.5 19.45 18.05 18.6 91.5 11.28 6035.612

1/7/2006 4 19.5 17.9 18.5 90 10 5979.967

1/7/2006 4.5 19.75 17.75 18.5 88 11.77 6094.542

1/7/2006 5 20 17.6 18.5 86 11.93 6165.068

1/7/2006 5.5 20.35 17.5 18.6 83.5 12.48 6216.088

1/7/2006 6 20.7 17.4 18.7 81 13.68 6366.433

1/7/2006 6.5 21.45 17.25 18.9 77 15.08 6640.707

1/7/2006 7 22.2 17.1 19.1 73 15.21 7005.09

1/7/2006 7.5 22.55 17.25 19.3 72 15.62 7439.023

1/7/2006 8 22.9 17.4 19.5 71 16.31 7846.223

1/7/2006 8.5 23.2 17.4 19.6 70 16.87 8219.127

1/7/2006 9 23.5 17.4 19.7 69 16.98 8341.635

1/7/2006 9.5 24.2 17.35 19.95 66 17.46 8530.063

1/7/2006 10 24.9 17.3 20.2 63 17.79 8541.365

1/7/2006 10.5 24.65 17.25 20.05 63.5 18.23 8539.335

1/7/2006 11 24.4 17.2 19.9 64 17.63 8508.528

1/7/2006 11.5 25 17.45 20.25 63 17.13 8447.737

1/7/2006 12 25.6 17.7 20.6 62 17 8441.688

1/7/2006 12.5 25.45 17.7 20.55 62.5 17 8412.952

1/7/2006 13 25.3 17.7 20.5 63 17 8361.135

1/7/2006 13.5 25.6 17.55 20.55 61 16.96 8283.93

1/7/2006 14 25.9 17.4 20.6 59 16.92 8215.245

1/7/2006 14.5 25.7 17.75 20.7 61.5 16.99 8203.15

1/7/2006 15 25.5 18.1 20.8 64 17 8249.59

1/7/2006 15.5 25.5 17.55 20.5 61.5 17 8274.583

1/7/2006 16 25.5 17 20.2 59 17.07 8309.725

1/7/2006 16.5 25.3 17.2 20.25 60.5 17 8155.988

1/7/2006 17 25.1 17.4 20.3 62 17.1 8190.383

1/7/2006 17.5 24.4 17.8 20.25 66.5 17 8149.093

1/7/2006 18 23.7 18.2 20.2 71 16.99 8094.035

1/7/2006 18.5 22.9 18.5 20.1 76.5 16.84 8024.533

1/7/2006 19 22.1 18.8 20 82 16.53 7856.857

1/7/2006 19.5 21.25 18.85 19.75 86.5 16.28 7899.585

1/7/2006 20 20.4 18.9 19.5 91 16.94 8134.78

1/7/2006 20.5 20.65 18.95 19.6 90 16.94 7995.06

1/7/2006 21 20.9 19 19.7 89 16.84 7925.403

1/7/2006 21.5 21.3 18.05 19.3 82 16.54 7820.63

1/7/2006 22 21.7 17.1 18.9 75 16.1 7730.66

1/7/2006 22.5 21.7 17.2 18.95 75.5 16.01 7744.665

1/7/2006 23 21.7 17.3 19 76 15.72 7489.538

1/7/2006 23.5 21.7 17.55 19.15 77.5 15.66 7282.688

1/8/2006 0 21.7 17.8 19.3 79 15.44 7075.852

1/8/2006 0.5 21.6 18.05 19.4 80.5 15.18 6886.97

1/8/2006 1 21.5 18.3 19.5 82 15.08 6658.708

1/8/2006 1.5 21.4 18.45 19.55 83.5 15.37 6384.72

1/8/2006 2 21.3 18.6 19.6 85 15.12 6129.598

1/8/2006 2.5 21.5 18.55 19.65 83.5 14.6 6047.925

1/8/2006 3 21.7 18.5 19.7 82 12.61 5925.182

1/8/2006 3.5 21.65 18.4 19.6 82 11.67 5897.14

1/8/2006 4 21.6 18.3 19.5 82 10.78 5841.693

1/8/2006 4.5 21.5 18.35 19.5 82.5 11.63 5892.837

1/8/2006 5 21.4 18.4 19.5 83 10.41 5884.892

1/8/2006 5.5 21.6 18.3 19.55 81.5 11.68 6000.277

1/8/2006 6 21.8 18.2 19.6 80 12.62 6098.827

1/8/2006 6.5 22.25 18.15 19.7 77.5 14.32 6305.275

1/8/2006 7 22.7 18.1 19.8 75 14.41 6651.267

1/8/2006 7.5 23.05 17.95 19.85 73 15.37 6960.227

1/8/2006 8 23.4 17.8 19.9 71 15.54 7359.755

1/8/2006 8.5 24 17.75 20.1 68 16.49 7672.978

1/8/2006 9 24.6 17.7 20.3 65 16.92 7885.538

1/8/2006 9.5 25.05 17.5 20.35 63 17 8180.592

1/8/2006 10 25.5 17.3 20.4 61 17 8207.2

1/8/2006 10.5 25.75 17.3 20.5 60 17.8 8314.553

1/8/2006 11 26 17.3 20.6 59 17 8315.545

1/8/2006 11.5 26.25 17.4 20.75 58.5 17.73 8479.378

1/8/2006 12 26.5 17.5 20.9 58 17 8396.08

1/8/2006 12.5 26.3 17.6 20.85 59 16.97 8425.475

1/8/2006 13 26.1 17.7 20.8 60 17 8376.132

1/8/2006 13.5 25.8 17.8 20.75 61.5 17 8362.39

1/8/2006 14 25.5 17.9 20.7 63 18.51 8414.84

1/8/2006 14.5 25.75 18.1 20.9 63 18.57 8427.642

1/8/2006 15 26 18.3 21.1 63 18.52 8471.812

1/8/2006 15.5 25.55 18.15 20.85 64 18.72 8488.782

1/8/2006 16 25.1 18 20.6 65 18.73 8470.813

1/8/2006 16.5 24.85 18.15 20.6 66.5 18.56 8375.91

1/8/2006 17 24.6 18.3 20.6 68 19.27 8446.943

1/8/2006 17.5 24.25 18 20.3 68 19.45 8441.777

1/8/2006 18 23.9 17.7 20 68 19.18 8427.52

1/8/2006 18.5 23.6 17.7 19.9 69.5 18.5 8326.588

1/8/2006 19 23.3 17.7 19.8 71 18.53 8305.4

1/8/2006 19.5 23.2 17.8 19.85 72 18.4 8293.498

1/8/2006 20 23.1 17.9 19.9 73 18.81 8504.997

1/8/2006 20.5 22.95 17.7 19.7 72.5 17.68 8269.035

1/8/2006 21 22.8 17.5 19.5 72 16.95 8039.49

1/8/2006 21.5 22.65 17.4 19.4 72 16.97 7934.642

1/8/2006 22 22.5 17.3 19.3 72 16.52 7760.477

1/8/2006 22.5 22.35 17.25 19.2 72.5 16.8 7768.79

1/8/2006 23 22.2 17.2 19.1 73 16.02 7495.173

1/8/2006 23.5 21.95 17.5 19.2 76 16.25 7251.598

1/9/2006 0 21.7 17.8 19.3 79 16.19 7091.328

1/9/2006 0.5 21.55 17.75 19.2 79 15.87 6887.238

1/9/2006 1 21.4 17.7 19.1 79 15.24 6693.867

1/9/2006 1.5 21.4 17.9 19.2 80 15.34 6438.898

1/9/2006 2 21.4 18.1 19.3 81 15.12 6262.655

1/9/2006 2.5 21.35 18.25 19.4 82.5 13.1 6127.322

1/9/2006 3 21.3 18.4 19.5 84 13.86 6106.937

1/9/2006 3.5 21.15 18.45 19.45 85 12.6 6045.607

1/9/2006 4 21 18.5 19.4 86 12.99 6159

1/9/2006 4.5 20.95 18.9 19.65 88.5 13.6 6357.792

1/9/2006 5 20.9 19.3 19.9 91 15.3 6657.638

1/9/2006 5.5 21.2 19.95 20.4 93 16.44 7141.33

1/9/2006 6 21.5 20.6 20.9 95 16.76 7609.635

1/9/2006 6.5 21.85 20.95 21.25 95 16.21 7991.818

1/9/2006 7 22.2 21.3 21.6 95 16.72 8429.168

1/9/2006 7.5 22.7 21.4 21.85 92.5 16.84 8828.158

1/9/2006 8 23.2 21.5 22.1 90 17.01 9164.192

1/9/2006 8.5 23.55 21.5 22.2 88 17.1 9566.973

1/9/2006 9 23.9 21.5 22.3 86 18.06 9741.028

1/9/2006 9.5 24.85 21.65 22.7 82.5 18.72 9898.785

1/9/2006 10 25.8 21.8 23.1 79 18.84 9944.21

1/9/2006 10.5 26.15 21.4 23 75.5 18.92 9977.89

1/9/2006 11 26.5 21 22.9 72 19.13 10082.8

1/9/2006 11.5 27.1 20.8 22.95 68.5 19.84 10209.87

1/9/2006 12 27.7 20.6 23 65 19.96 10186.9

1/9/2006 12.5 27.5 20.7 23 66.5 20.87 10274.38

1/9/2006 13 27.3 20.8 23 68 24.59 10373.41

1/9/2006 13.5 27.7 20.7 23.05 66 26.45 10426.64

1/9/2006 14 28.1 20.6 23.1 64 26.03 10429.03

1/9/2006 14.5 27.9 20.6 23.05 64.5 27.09 10488.28

1/9/2006 15 27.7 20.6 23 65 29.82 10555.83

1/9/2006 15.5 26.65 21.05 22.95 71.5 37.05 10614.42

1/9/2006 16 25.6 21.5 22.9 78 42.88 10643.03

1/9/2006 16.5 25.6 21.05 22.6 76 38.77 10569.46

1/9/2006 17 25.6 20.6 22.3 74 30.52 10489.03

1/9/2006 17.5 25.25 20.85 22.35 76.5 21 10163.96

1/9/2006 18 24.9 21.1 22.4 79 19.04 10011.17

1/9/2006 18.5 24.5 21.2 22.35 81.5 18.64 9708.817

1/9/2006 19 24.1 21.3 22.3 84 17.71 9455.242

1/9/2006 19.5 23.95 21.5 22.35 86 17.2 9401.432

1/9/2006 20 23.8 21.7 22.4 88 18.19 9529.163

1/9/2006 20.5 23.8 21.7 22.4 88 18.66 9407.883

1/9/2006 21 23.8 21.7 22.4 88 17.9 9103.145

1/9/2006 21.5 23.65 21.7 22.35 89 17.74 9141.868

1/9/2006 22 23.5 21.7 22.3 90 16.91 8817.46

1/9/2006 22.5 23.4 21.6 22.2 90 17.65 8711.733

1/9/2006 23 23.3 21.5 22.1 90 16.92 8408.387

1/9/2006 23.5 23.2 21.45 22.05 90 16.96 8214.643

1/10/2006 0 23.1 21.4 22 90 16.86 7968.137

1/10/2006 0.5 23.1 21.5 22.05 90.5 15.79 7701.347

1/10/2006 1 23.1 21.6 22.1 91 15.33 7441.503

1/10/2006 1.5 22.9 21.5 21.95 91.5 15.67 7095.898

1/10/2006 2 22.7 21.4 21.8 92 15.1 6778.663

1/10/2006 2.5 22.75 21.5 21.9 92.5 14.57 6611.192

1/10/2006 3 22.8 21.6 22 93 11.68 6493.047

1/10/2006 3.5 22.7 21.5 21.9 93 11.12 6493.35

1/10/2006 4 22.6 21.4 21.8 93 11.26 6529.87

1/10/2006 4.5 22.6 21.4 21.8 93 13.78 6707.393

1/10/2006 5 22.6 21.4 21.8 93 15.16 6928.72

1/10/2006 5.5 22.85 21.3 21.85 91 16.32 7392.147

1/10/2006 6 23.1 21.2 21.9 89 16.78 7968.853

1/10/2006 6.5 23.7 21.35 22.15 86.5 16.66 8396.61

1/10/2006 7 24.3 21.5 22.4 84 17.09 8898.98

1/10/2006 7.5 24.75 21.4 22.5 81.5 17.34 9400.792

1/10/2006 8 25.2 21.3 22.6 79 18.96 9825.818

1/10/2006 8.5 25.85 21.4 22.9 76.5 19.53 10211.9

1/10/2006 9 26.5 21.5 23.2 74 24.78 10465.88

1/10/2006 9.5 27.15 21.6 23.45 71.5 26.1 10656.65

1/10/2006 10 27.8 21.7 23.7 69 31.69 10841.61

1/10/2006 10.5 27.3 21.5 23.4 70.5 32.01 10885.42

1/10/2006 11 26.8 21.3 23.1 72 34.28 11022.21

1/10/2006 11.5 27.35 21.3 23.3 69.5 35.29 11051.69

1/10/2006 12 27.9 21.3 23.5 67 37.71 11197.19

1/10/2006 12.5 27.7 21.85 23.8 70.5 41.05 11395.62

1/10/2006 13 27.5 22.4 24.1 74 50.72 11561.43

1/10/2006 13.5 27.7 22.6 24.25 74 77.91 11612.72

1/10/2006 14 27.9 22.8 24.4 74 123.28 11693.57

1/10/2006 14.5 27.9 22.85 24.45 74 82.87 11678.18

1/10/2006 15 27.9 22.9 24.5 74 92.16 11870.86

1/10/2006 15.5 27.75 23.05 24.55 75.5 102.75 12073.97

1/10/2006 16 27.6 23.2 24.6 77 104.52 12174.29

1/10/2006 16.5 27.8 22.85 24.45 74.5 49.31 12064.13

1/10/2006 17 28 22.5 24.3 72 50.73 12005.8

1/10/2006 17.5 27.35 22.55 24.1 75 39.31 11645.93

1/10/2006 18 26.7 22.6 23.9 78 32.59 11456.52

1/10/2006 18.5 26.05 22.55 23.65 81 27.99 11145.27

1/10/2006 19 25.4 22.5 23.4 84 24.29 10928.78

1/10/2006 19.5 25.25 22.55 23.4 85 20.53 10762.9

1/10/2006 20 25.1 22.6 23.4 86 26.95 10885.83

1/10/2006 20.5 25.05 22.55 23.35 86 21.79 10599.51

1/10/2006 21 25 22.5 23.3 86 20.01 10278.98

1/10/2006 21.5 24.85 22.5 23.25 87 19.87 10154.92

1/10/2006 22 24.7 22.5 23.2 88 18.37 9734.535

1/10/2006 22.5 24.7 22.45 23.2 87.5 18.93 9527.728

1/10/2006 23 24.7 22.4 23.2 87 17.3 9182.898

1/10/2006 23.5 24.45 22.1 22.9 86.5 17 8824.567

1/11/2006 0 24.2 21.8 22.6 86 16.97 8546.383

1/11/2006 0.5 24.05 21.85 22.6 87.5 16.56 8228.865

1/11/2006 1 23.9 21.9 22.6 89 16.65 7918.948

1/11/2006 1.5 23.9 22.05 22.7 89.5 16.31 7492.293

1/11/2006 2 23.9 22.2 22.8 90 15.76 7186.942

1/11/2006 2.5 24 22.1 22.75 89 15.23 7013.017

1/11/2006 3 24.1 22 22.7 88 15.08 6869.14

1/11/2006 3.5 24.05 21.95 22.65 88 14.88 6871.413

1/11/2006 4 24 21.9 22.6 88 14.24 6850.932

1/11/2006 4.5 24.15 21.9 22.65 87 15.2 7083.42

1/11/2006 5 24.3 21.9 22.7 86 15.57 7270.34

1/11/2006 5.5 24.5 21.9 22.75 85 16.52 7691.31

1/11/2006 6 24.7 21.9 22.8 84 16.87 8258.098

1/11/2006 6.5 25.45 21.75 22.95 80 16.95 8816.518

1/11/2006 7 26.2 21.6 23.1 76 17.35 9451.045

1/11/2006 7.5 27.7 21.55 23.55 69.5 18.82 10055.11

1/11/2006 8 29.2 21.5 24 63 22.96 10679.74

1/11/2006 8.5 31.05 20.8 24.2 55 28.13 11269.9

1/11/2006 9 32.9 20.1 24.4 47 31.11 11582.97

1/11/2006 9.5 31.25 20.9 24.35 55 43.38 11853.22

1/11/2006 10 29.6 21.7 24.3 63 47.14 11953.41

1/11/2006 10.5 29.15 21.3 23.9 63 55.41 11953.22

1/11/2006 11 28.7 20.9 23.5 63 56.85 12093.25

1/11/2006 11.5 28.3 20.2 22.95 61.5 61.82 12138.44

1/11/2006 12 27.9 19.5 22.4 60 85.15 12221.8

1/11/2006 12.5 28.05 19.95 22.75 61.5 227.26 12173.45

1/11/2006 13 28.2 20.4 23.1 63 105.43 11920.73

1/11/2006 13.5 27.35 21.15 23.25 69.5 47.55 11687.8

1/11/2006 14 26.5 21.9 23.4 76 39.55 11706.94

1/11/2006 14.5 27 21.3 23.2 71.5 35.55 11687.33

1/11/2006 15 27.5 20.7 23 67 39 11715.51

1/11/2006 15.5 26.65 20.85 22.8 71 37.68 11654.84

1/11/2006 16 25.8 21 22.6 75 33.1 11478.11

1/11/2006 16.5 25.1 21.1 22.45 78.5 27.79 11198.72

1/11/2006 17 24.4 21.2 22.3 82 19.22 10926.51

1/11/2006 17.5 24.25 20.5 21.8 79.5 17.04 10502.01

1/11/2006 18 24.1 19.8 21.3 77 16.96 10190.83

1/11/2006 18.5 23.6 20.45 21.55 83 16.62 9916.478

1/11/2006 19 23.1 21.1 21.8 89 17.12 9696.052

1/11/2006 19.5 22.55 21.1 21.6 92 17.01 9596.948

1/11/2006 20 22 21.1 21.4 95 17.09 9490.96

1/11/2006 20.5 21.75 20.75 21.1 94 17.71 9256.488

1/11/2006 21 21.5 20.4 20.8 93 17.03 8957.9

1/11/2006 21.5 21.4 20.25 20.65 93 17.01 8986.302

1/11/2006 22 21.3 20.1 20.5 93 16.83 8693.545

1/11/2006 22.5 21.4 20.35 20.7 94 17.26 8552.958

1/11/2006 23 21.5 20.6 20.9 95 16.89 8352.738

1/11/2006 23.5 21.5 20.55 20.9 94.5 17.07 8143.235

1/12/2006 0 21.5 20.5 20.9 94 16.84 7934.732

1/12/2006 0.5 21.45 20.35 20.75 93.5 16.76 7683.26

1/12/2006 1 21.4 20.2 20.6 93 16.84 7504.842

1/12/2006 1.5 21.55 20.35 20.75 93 16.89 7098.025

1/12/2006 2 21.7 20.5 20.9 93 16.34 6797.4

1/12/2006 2.5 21.8 20.45 20.9 92 15.83 6629.182

1/12/2006 3 21.9 20.4 20.9 91 15.64 6575.357

1/12/2006 3.5 21.8 20.6 21 93 15.34 6574.693

1/12/2006 4 21.7 20.8 21.1 95 15.5 6589.035

1/12/2006 4.5 21.7 20.7 21.05 94 15.69 6755.748

1/12/2006 5 21.7 20.6 21 93 16.4 6979.262

1/12/2006 5.5 21.8 20.65 21.05 93 17.22 7469.352

1/12/2006 6 21.9 20.7 21.1 93 17.3 7974.32

1/12/2006 6.5 22 20.75 21.2 92.5 17.33 8370.753

1/12/2006 7 22.1 20.8 21.3 92 17.51 8852.995

1/12/2006 7.5 22.55 20.7 21.35 89 18.45 9200.17

1/12/2006 8 23 20.6 21.4 86 19.55 9555.247

1/12/2006 8.5 23.3 20.8 21.65 85.5 19.87 9867.885

1/12/2006 9 23.6 21 21.9 85 20.3 10059.47

1/12/2006 9.5 23.85 20.95 21.95 83.5 23.93 10175.46

1/12/2006 10 24.1 20.9 22 82 29.78 10279.78

1/12/2006 10.5 24.1 20.9 22 82 20.9 10213.1

1/12/2006 11 24.1 20.9 22 82 25.05 10294.38

1/12/2006 11.5 23.85 20.75 21.8 82.5 27.76 10258.73

1/12/2006 12 23.6 20.6 21.6 83 33.11 10399.45

1/12/2006 12.5 24.05 20.45 21.7 80 35.86 10481.05

1/12/2006 13 24.5 20.3 21.8 77 37.4 10553.4

1/12/2006 13.5 24.95 20.25 21.9 75 43.4 10640.58

1/12/2006 14 25.4 20.2 22 73 41.72 10684.83

1/12/2006 14.5 25.9 20.25 22.2 71 44.52 10699.23

1/12/2006 15 26.4 20.3 22.4 69 45.35 10739.9

1/12/2006 15.5 26.2 20.2 22.3 69.5 46.02 10858.03

1/12/2006 16 26 20.1 22.2 70 46.01 10857.22

1/12/2006 16.5 25.4 20.15 22 73 44.91 10757.78

1/12/2006 17 24.8 20.2 21.8 76 41.99 10658.71

1/12/2006 17.5 24.6 20.4 21.85 77.5 34.89 10405.96

1/12/2006 18 24.4 20.6 21.9 79 33.71 10196.34

1/12/2006 18.5 24.25 20.7 21.9 80.5 27.5 9977.298

1/12/2006 19 24.1 20.8 21.9 82 21.72 9794.11

1/12/2006 19.5 24 20.85 21.9 82.5 19.72 9751.158

1/12/2006 20 23.9 20.9 21.9 83 22.77 9826.178

1/12/2006 20.5 23.85 21.1 22.05 84.5 19.83 9582.452

1/12/2006 21 23.8 21.3 22.2 86 18.44 9248.372

1/12/2006 21.5 23.8 21.4 22.25 86.5 18.08 9248.655

1/12/2006 22 23.8 21.5 22.3 87 17 8966.407

1/12/2006 22.5 23.85 21.6 22.35 87.5 18.02 8895.648

1/12/2006 23 23.9 21.7 22.4 88 18.44 8615.162

1/12/2006 23.5 23.9 21.7 22.4 88 22.62 8361.718

1/13/2006 0 23.9 21.7 22.4 88 19 8104.873

1/13/2006 0.5 23.85 21.75 22.45 88.5 17.83 7881.27

1/13/2006 1 23.8 21.8 22.5 89 15.67 7559.355

1/13/2006 1.5 23.8 21.85 22.5 89 16.39 7240.975

1/13/2006 2 23.8 21.9 22.5 89 15.5 6826.038

1/13/2006 2.5 23.75 21.9 22.5 89.5 15.23 6722.243

1/13/2006 3 23.7 21.9 22.5 90 15.1 6593.007

1/13/2006 3.5 23.7 21.9 22.5 90 15.08 6581.405

1/13/2006 4 23.7 21.9 22.5 90 15.01 6617.173

1/13/2006 4.5 23.75 21.95 22.55 90 15.52 6853.485

1/13/2006 5 23.8 22 22.6 90 15.91 7103.698

1/13/2006 5.5 23.85 21.9 22.55 89 16.7 7571.07

1/13/2006 6 23.9 21.8 22.5 88 16.94 8042.762

1/13/2006 6.5 23.9 21.55 22.35 86.5 17.32 8533.407

1/13/2006 7 23.9 21.3 22.2 85 18.2 9018.78

1/13/2006 7.5 24.1 21.1 22.15 83 18.93 9435.817

1/13/2006 8 24.3 20.9 22.1 81 19.65 9753.085

1/13/2006 8.5 24.05 21.05 22.1 83 19.58 9995.405

1/13/2006 9 23.8 21.2 22.1 85 19.56 10158.95

1/13/2006 9.5 23.65 21 21.9 85 19.67 10234.67

1/13/2006 10 23.5 20.8 21.7 85 20.97 10301.34

1/13/2006 10.5 23.95 20.3 21.55 80.5 23.08 10256.77

1/13/2006 11 24.4 19.8 21.4 76 21.57 10248.72

1/13/2006 11.5 24.55 19.75 21.45 75 21.22 10108.37

1/13/2006 12 24.7 19.7 21.5 74 23.27 10101.09

1/13/2006 12.5 24.6 19.4 21.3 73 26.23 10160.4

1/13/2006 13 24.5 19.1 21.1 72 26.65 10142.71

1/13/2006 13.5 24.45 19.5 21.3 74 26.47 10081.57

1/13/2006 14 24.4 19.9 21.5 76 26.72 10055.03

1/13/2006 14.5 23.5 20.1 21.3 81.5 26.67 10025.45

1/13/2006 15 22.6 20.3 21.1 87 27.01 9973.007

1/13/2006 15.5 22.6 19.9 20.85 85 33.49 9977.008

1/13/2006 16 22.6 19.5 20.6 83 28.18 9917.128

1/13/2006 16.5 22.8 18.95 20.35 79 26.83 9817.52

1/13/2006 17 23 18.4 20.1 75 25.06 9681.228

1/13/2006 17.5 23.1 18.4 20.15 74.5 19.15 9395.62

1/13/2006 18 23.2 18.4 20.2 74 18.57 9248.5

1/13/2006 18.5 23.15 18.4 20.15 74.5 17.26 9046.132

1/13/2006 19 23.1 18.4 20.1 75 17 8951.652

1/13/2006 19.5 23.05 18.5 20.15 75.5 17 8939.347

1/13/2006 20 23 18.6 20.2 76 17 8894.278

1/13/2006 20.5 23.05 18.9 20.4 77.5 17.24 8680.172

1/13/2006 21 23.1 19.2 20.6 79 17 8458.415

1/13/2006 21.5 23.1 19.5 20.8 80.5 17 8583.373

1/13/2006 22 23.1 19.8 21 82 16.89 8159.505

1/13/2006 22.5 23.15 19.7 20.95 81 17.65 8346.033

1/13/2006 23 23.2 19.6 20.9 80 17.09 8319.698

1/13/2006 23.5 22.75 19.85 20.9 83.5 18.64 8117.833

1/14/2006 0 22.3 20.1 20.9 87 16.95 7871.83

1/14/2006 0.5 21.95 20.15 20.8 89.5 16.45 7628.163

1/14/2006 1 21.6 20.2 20.7 92 16.26 7315.9

1/14/2006 1.5 21.35 20.1 20.55 92.5 16.13 6970.538

1/14/2006 2 21.1 20 20.4 93 15.41 6673.778

1/14/2006 2.5 21 19.95 20.35 93.5 15.17 6476.905

1/14/2006 3 20.9 19.9 20.3 94 14.18 6348.483

1/14/2006 3.5 20.85 19.8 20.2 93.5 12.67 6256.088

1/14/2006 4 20.8 19.7 20.1 93 12.98 6292.353

1/14/2006 4.5 20.75 19.65 20.05 93 13.68 6357.128

1/14/2006 5 20.7 19.6 20 93 14.11 6430.638

1/14/2006 5.5 20.75 19.65 20.05 93 14.57 6561.9

1/14/2006 6 20.8 19.7 20.1 93 15.15 6742.742

1/14/2006 6.5 21 19.85 20.25 93 16.16 7042.645

1/14/2006 7 21.2 20 20.4 93 16.35 7403.448

1/14/2006 7.5 21.7 20.1 20.65 90.5 16.85 7870.493

1/14/2006 8 22.2 20.2 20.9 88 17.01 8244.203

1/14/2006 8.5 23.3 20.65 21.55 85 18.54 8753.432

1/14/2006 9 24.4 21.1 22.2 82 19.63 8925.343

1/14/2006 9.5 25.6 21.35 22.75 77.5 22.58 9171.755

1/14/2006 10 26.8 21.6 23.3 73 24.68 9260.625

1/14/2006 10.5 27.25 21.85 23.6 72.5 26.05 9353.993

1/14/2006 11 27.7 22.1 23.9 72 26.99 9463.533

1/14/2006 11.5 27.85 21.75 23.75 69.5 26.17 9474.883

1/14/2006 12 28 21.4 23.6 67 29.17 9692.045

1/14/2006 12.5 27.35 21.5 23.45 70.5 30.7 9841.965

1/14/2006 13 26.7 21.6 23.3 74 30.66 9945.717

1/14/2006 13.5 27.3 21.7 23.55 72 33.33 10133.4

1/14/2006 14 27.9 21.8 23.8 70 34.41 10236.62

1/14/2006 14.5 28 21.7 23.75 69 31.22 10358.89

1/14/2006 15 28.1 21.6 23.7 68 33.09 10466.14

1/14/2006 15.5 27.65 21.9 23.75 71 33.25 10567.01

1/14/2006 16 27.2 22.2 23.8 74 33.41 10652.52

1/14/2006 16.5 27.4 22.25 23.9 73.5 31.16 10531.83

1/14/2006 17 27.6 22.3 24 73 28.83 10495.69

1/14/2006 17.5 27.55 22.4 24.05 73.5 23.3 10341.88

1/14/2006 18 27.5 22.5 24.1 74 20.34 10080.86

1/14/2006 18.5 26.6 22.2 23.65 77 17.32 9793.295

1/14/2006 19 25.7 21.9 23.2 80 17.05 9547.133

1/14/2006 19.5 25.15 21.7 22.85 81.5 17.68 9528.29

1/14/2006 20 24.6 21.5 22.5 83 19.16 9508.773

1/14/2006 20.5 24 21.65 22.4 87 18.86 9210.943

1/14/2006 21 23.4 21.8 22.3 91 16.97 8924.902

1/14/2006 21.5 23.1 21.3 21.9 90 17 8844.218

1/14/2006 22 22.8 20.8 21.5 89 16.68 8553.355

1/14/2006 22.5 22.5 20.65 21.3 89.5 16.53 8442.527

1/14/2006 23 22.2 20.5 21.1 90 16.62 8106.877

1/14/2006 23.5 22 19.9 20.65 88 16.56 7823.993

1/15/2006 0 21.8 19.3 20.2 86 16.03 7550.037

1/15/2006 0.5 21.85 19.2 20.15 85 15.47 7305.35

1/15/2006 1 21.9 19.1 20.1 84 15.63 7060.812

1/15/2006 1.5 21.85 18.1 19.5 79.5 15.61 6753.265

1/15/2006 2 21.8 17.1 18.9 75 15.2 6505.177

1/15/2006 2.5 21.8 16.75 18.7 73 14.3 6305.635

1/15/2006 3 21.8 16.4 18.5 71 12.61 6250.312

1/15/2006 3.5 21.75 16.6 18.6 72.5 10.8 6132.568

1/15/2006 4 21.7 16.8 18.7 74 9.8 6044.622

1/15/2006 4.5 21.65 16.55 18.55 73 10.41 6119.405

1/15/2006 5 21.6 16.3 18.4 72 11.65 6260.285

1/15/2006 5.5 21.6 16.25 18.35 71.5 12.06 6340.07

1/15/2006 6 21.6 16.2 18.3 71 11.98 6358.217

1/15/2006 6.5 21.75 16.35 18.45 71 12.9 6586.893

1/15/2006 7 21.9 16.5 18.6 71 14.97 6799.04

1/15/2006 7.5 22.1 16.45 18.65 70 15.62 7198.613

1/15/2006 8 22.3 16.4 18.7 69 16.14 7511.252

1/15/2006 8.5 22.5 16.45 18.8 68.5 16.48 7818.167

1/15/2006 9 22.7 16.5 18.9 68 16.8 7994.453

1/15/2006 9.5 22.85 16.6 19 68 16.87 8201.113

1/15/2006 10 23 16.7 19.1 68 16.84 8295.348

1/15/2006 10.5 23.15 16.75 19.2 67.5 16.94 8337.402

1/15/2006 11 23.3 16.8 19.3 67 16.99 8337.635

1/15/2006 11.5 23.5 16.75 19.35 66 17 8393.515

1/15/2006 12 23.7 16.7 19.4 65 17 8401.528

1/15/2006 12.5 23.95 16.45 19.35 63 17 8389.802

1/15/2006 13 24.2 16.2 19.3 61 17 8328.877

1/15/2006 13.5 24 16.35 19.3 62.5 16.97 8360.94

1/15/2006 14 23.8 16.5 19.3 64 17 8288.558

1/15/2006 14.5 23.55 16.65 19.3 65.5 17 8323.857

1/15/2006 15 23.3 16.8 19.3 67 17 8347.818

1/15/2006 15.5 23.3 17 19.4 68 17 8294.128

1/15/2006 16 23.3 17.2 19.5 69 17 8332.127

1/15/2006 16.5 23.1 17.6 19.65 71.5 17 8288.802

1/15/2006 17 22.9 18 19.8 74 17 8390.643

1/15/2006 17.5 22.5 18.95 20.25 80.5 17 8455.9

1/15/2006 18 22.1 19.9 20.7 87 17 8467.785

1/15/2006 18.5 22 19.9 20.65 87.5 17 8401.688

1/15/2006 19 21.9 19.9 20.6 88 17 8361.363

1/15/2006 19.5 21.7 20.25 20.75 91.5 17 8412.895

1/15/2006 20 21.5 20.6 20.9 95 17 8478.993

1/15/2006 20.5 21.55 20.7 21 95 17 8277.073

1/15/2006 21 21.6 20.8 21.1 95 16.94 8106.927

1/15/2006 21.5 21.6 20.9 21.15 95.5 16.97 8060.967

1/15/2006 22 21.6 21 21.2 96 16.45 7884.015

1/15/2006 22.5 21.45 20.85 21.05 96 16.6 7820.177

1/15/2006 23 21.3 20.7 20.9 96 16.11 7521.457

1/15/2006 23.5 21.15 20.55 20.75 96 16.68 7332.048

1/16/2006 0 21 20.4 20.6 96 16.35 7176.675

1/16/2006 0.5 20.65 20.15 20.3 97 15.54 6961.295

1/16/2006 1 20.3 19.9 20 98 15.48 6799.203

1/16/2006 1.5 20.25 19.85 19.95 98 15.28 6529.2

1/16/2006 2 20.2 19.8 19.9 98 15.13 6353.538

1/16/2006 2.5 20.2 19.7 19.85 97 14.43 6248.258

1/16/2006 3 20.2 19.6 19.8 96 13.08 6218.357

1/16/2006 3.5 20.45 19.95 20.1 97 12.78 6255.002

1/16/2006 4 20.7 20.3 20.4 98 12.6 6339.905

1/16/2006 4.5 21 20.65 20.75 98 14.8 6535.7

1/16/2006 5 21.3 21 21.1 98 15.4 6819.02

1/16/2006 5.5 21 20.65 20.75 98 16.36 7392.415

1/16/2006 6 20.7 20.3 20.4 98 16.07 7875.573

1/16/2006 6.5 21 20.5 20.65 97 16.37 8309.72

1/16/2006 7 21.3 20.7 20.9 96 16.61 8741.153

1/16/2006 7.5 21.3 20.7 20.9 96 17.01 9235.068

1/16/2006 8 21.3 20.7 20.9 96 18.25 9687.053

1/16/2006 8.5 21.8 20.95 21.25 95 18.78 9978.283

1/16/2006 9 22.3 21.2 21.6 94 19.05 10113.51

1/16/2006 9.5 22.5 21.1 21.6 92 19.18 10306.46

1/16/2006 10 22.7 21 21.6 90 19.09 10390.25

1/16/2006 10.5 23.5 21.55 22.2 89 19.09 10493.87

1/16/2006 11 24.3 22.1 22.8 88 20.92 10618.68

1/16/2006 11.5 24.45 22.4 23.05 88.5 23.34 10646.82

1/16/2006 12 24.6 22.7 23.3 89 24.08 10723.55

1/16/2006 12.5 24.95 22.15 23.05 84.5 25.42 10843.36

1/16/2006 13 25.3 21.6 22.8 80 26.07 10817.9

1/16/2006 13.5 25.15 21.95 23 82.5 21.26 10800.8

1/16/2006 14 25 22.3 23.2 85 19.3 10723.63

1/16/2006 14.5 25.05 22.15 23.1 84 19.35 10751.86

1/16/2006 15 25.1 22 23 83 19.33 10767.45

1/16/2006 15.5 24.85 22.15 23.05 85 19.24 10773.85

1/16/2006 16 24.6 22.3 23.1 87 19.24 10676.66

1/16/2006 16.5 24.3 22.5 23.1 89.5 19.2 10606.92

1/16/2006 17 24 22.7 23.1 92 19.18 10516.81

1/16/2006 17.5 23.8 22.55 22.95 92.5 18.75 10270.94

1/16/2006 18 23.6 22.4 22.8 93 17.6 10082.36

1/16/2006 18.5 23.4 22.35 22.7 94 16.97 9726.762

1/16/2006 19 23.2 22.3 22.6 95 17 9466.528

1/16/2006 19.5 23.35 22.2 22.6 93.5 17.55 9497.465

1/16/2006 20 23.5 22.1 22.6 92 17.63 9498.94

1/16/2006 20.5 23.4 22.2 22.6 93 18.57 9237.332

1/16/2006 21 23.3 22.3 22.6 94 17.17 8875.353

1/16/2006 21.5 23.2 22.1 22.45 93.5 18.13 8893.443

1/16/2006 22 23.1 21.9 22.3 93 17.26 8682.862

1/16/2006 22.5 22.95 21.8 22.2 93.5 17.07 8573.353

1/16/2006 23 22.8 21.7 22.1 94 16.76 8327.698

1/16/2006 23.5 22.65 21.65 22 94.5 16.92 8159.043

1/17/2006 0 22.5 21.6 21.9 95 16.56 7951.125

1/17/2006 0.5 22.4 21.6 21.85 95.5 15.82 7721.88

1/17/2006 1 22.3 21.6 21.8 96 15.66 7492.65

1/17/2006 1.5 22.35 21.7 21.9 96 15.61 7124.755

1/17/2006 2 22.4 21.8 22 96 15.13 6839.603

1/17/2006 2.5 22.3 21.7 21.9 96 15.04 6637.94

1/17/2006 3 22.2 21.6 21.8 96 14.5 6580.935

1/17/2006 3.5 22.2 21.55 21.75 96 13.41 6515.385

1/17/2006 4 22.2 21.5 21.7 96 13.05 6521.965

1/17/2006 4.5 21.95 21.25 21.45 96 14.41 6706.53

1/17/2006 5 21.7 21 21.2 96 15.21 7094.235

1/17/2006 5.5 21.85 21.3 21.45 97 16.21 7612.095

1/17/2006 6 22 21.6 21.7 98 16.25 8173.537

1/17/2006 6.5 21.85 21.45 21.55 98 16.64 8559.737

1/17/2006 7 21.7 21.3 21.4 98 16.87 9084.148

1/17/2006 7.5 21.75 21.05 21.25 96 17.95 9443.92

1/17/2006 8 21.8 20.8 21.1 94 18.31 9712.17

1/17/2006 8.5 22.05 21.2 21.45 95 18.77 10053.35

1/17/2006 9 22.3 21.6 21.8 96 18.99 10177.32

1/17/2006 9.5 22.55 21.85 22.05 96 19.12 10353.37

1/17/2006 10 22.8 22.1 22.3 96 18.99 10406.67

1/17/2006 10.5 23.15 22.05 22.4 93.5 18.89 10498.41

1/17/2006 11 23.5 22 22.5 91 18.99 10555.29

1/17/2006 11.5 22.9 21.65 22.05 92.5 18.86 10451.09

1/17/2006 12 22.3 21.3 21.6 94 20.01 10488.94

1/17/2006 12.5 22.65 21.4 21.8 92.5 23.4 10566.39

1/17/2006 13 23 21.5 22 91 24.47 10530.56

1/17/2006 13.5 23.5 21.25 22 87 25.89 10578.94

1/17/2006 14 24 21 22 83 25.93 10496.32

1/17/2006 14.5 24.5 21 22.2 81 26.33 10541.93

1/17/2006 15 25 21 22.4 79 25.91 10570.75

1/17/2006 15.5 25.1 20.75 22.25 77 26.21 10589.75

1/17/2006 16 25.2 20.5 22.1 75 24.15 10545.14

1/17/2006 16.5 26.8 20.55 22.65 69 24.11 10471.13

1/17/2006 17 28.4 20.6 23.2 63 20.25 10421.52

1/17/2006 17.5 27.7 20.7 23.05 66 18.96 10116.51

1/17/2006 18 27 20.8 22.9 69 17.9 9942.445

1/17/2006 18.5 26.2 20.25 22.3 70 17.1 9636.627

1/17/2006 19 25.4 19.7 21.7 71 16.97 9414.692

1/17/2006 19.5 24.85 20.1 21.75 75 17.05 9398.212

1/17/2006 20 24.3 20.5 21.8 79 17 9473.757

1/17/2006 20.5 23.9 19.95 21.35 78.5 17.7 9251.705

1/17/2006 21 23.5 19.4 20.9 78 16.92 8932.555

1/17/2006 21.5 23.1 18.75 20.35 76.5 17.05 8904.892

1/17/2006 22 22.7 18.1 19.8 75 16.27 8621.442

1/17/2006 22.5 22.6 18.2 19.85 76 16.73 8580.335

1/17/2006 23 22.5 18.3 19.9 77 16.47 8319.252

1/17/2006 23.5 22.4 18.25 19.8 77.5 16.5 8098.733

1/18/2006 0 22.3 18.2 19.7 78 15.96 7885.518

1/18/2006 0.5 22.15 18.35 19.75 79.5 15.53 7616.372

1/18/2006 1 22 18.5 19.8 81 15.36 7406.728

1/18/2006 1.5 21.65 18.55 19.7 83 15.26 7036.892

1/18/2006 2 21.3 18.6 19.6 85 14.12 6737.705

1/18/2006 2.5 21.35 18.75 19.7 85.5 12.31 6552.828

1/18/2006 3 21.4 18.9 19.8 86 12 6461.2

1/18/2006 3.5 21.35 18.85 19.75 86 10.49 6450.04

1/18/2006 4 21.3 18.8 19.7 86 11.25 6483.645

1/18/2006 4.5 21.5 18.75 19.75 84.5 12.68 6665.745

1/18/2006 5 21.7 18.7 19.8 83 14.62 6930.32

1/18/2006 5.5 21.85 18.45 19.7 81 15.38 7407.29

1/18/2006 6 22 18.2 19.6 79 15.71 7891.26

1/18/2006 6.5 22.2 18.15 19.65 78 16.49 8327.82

1/18/2006 7 22.4 18.1 19.7 77 16.41 8785.485

1/18/2006 7.5 22.5 18.15 19.75 76.5 16.69 9186.573

1/18/2006 8 22.6 18.2 19.8 76 16.89 9488.715

1/18/2006 8.5 22.55 18.2 19.8 76.5 16.97 9766.285

1/18/2006 9 22.5 18.2 19.8 77 17 9833.753

1/18/2006 9.5 21.75 18.75 19.85 83.5 17.18 9896.592

1/18/2006 10 21 19.3 19.9 90 17.75 9883.105

1/18/2006 10.5 20.8 19.1 19.7 90 17.72 9960.402

1/18/2006 11 20.6 18.9 19.5 90 18.15 9977.472

1/18/2006 11.5 20.6 18.9 19.5 90 18.1 9906.253

1/18/2006 12 20.6 18.9 19.5 90 18.12 9863.682

1/18/2006 12.5 20.35 18.95 19.45 91.5 18.08 9872.403

1/18/2006 13 20.1 19 19.4 93 17.93 9800.808

1/18/2006 13.5 20.25 18.25 19 88 17.87 9690.042

1/18/2006 14 20.4 17.5 18.6 83 18.03 9719.195

1/18/2006 14.5 20.35 17.35 18.5 82.5 18.12 9680.263

1/18/2006 15 20.3 17.2 18.4 82 18.2 9638.438

1/18/2006 15.5 20.35 17 18.3 81 18.04 9596.412

1/18/2006 16 20.4 16.8 18.2 80 17.95 9556.912

1/18/2006 16.5 20.05 16.45 17.85 80 17.88 9536.403

1/18/2006 17 19.7 16.1 17.5 80 17.67 9432.813

1/18/2006 17.5 19.9 16.1 17.6 79 17.13 9159.457

1/18/2006 18 20.1 16.1 17.7 78 16.94 8974.787

1/18/2006 18.5 20 15.9 17.55 77.5 16.84 8738.548

1/18/2006 19 19.9 15.7 17.4 77 16.84 8611.332

1/18/2006 19.5 19.7 15.2 17.05 75.5 16.84 8612.93

1/18/2006 20 19.5 14.7 16.7 74 16.68 8585.157

1/18/2006 20.5 19.75 14.9 16.9 73.5 16.89 8372.667

1/18/2006 21 20 15.1 17.1 73 16.48 8055.047

1/18/2006 21.5 19.95 14.55 16.8 71 16.51 8171.462

1/18/2006 22 19.9 14 16.5 69 15.67 8064.667

1/18/2006 22.5 20 14.15 16.6 69 16.76 8061.79

1/18/2006 23 20.1 14.3 16.7 69 16 7944.413

1/18/2006 23.5 19.95 14.6 16.8 71 16.57 7803.562

1/19/2006 0 19.8 14.9 16.9 73 15.94 7652.892

1/19/2006 0.5 19.75 15 16.95 74 15.25 7422.853

1/19/2006 1 19.7 15.1 17 75 15.25 7174.092

1/19/2006 1.5 19.75 14.85 16.9 73.5 15.27 6860.198

1/19/2006 2 19.8 14.6 16.8 72 14.77 6555.668

1/19/2006 2.5 19.9 14.75 16.9 72 12.85 6353.515

1/19/2006 3 20 14.9 17 72 12.15 6266.273

1/19/2006 3.5 19.9 15.05 17.05 73.5 11.41 6203.513

1/19/2006 4 19.8 15.2 17.1 75 11.86 6288.268

1/19/2006 4.5 19.6 15.55 17.2 77.5 13.21 6496.007

1/19/2006 5 19.4 15.9 17.3 80 14.9 6759.182

1/19/2006 5.5 19.85 15 17 74 15.33 7218.585

1/19/2006 6 20.3 14.1 16.7 68 16.41 7721.977

1/19/2006 6.5 20.6 13.95 16.75 66 16.44 8075.407

1/19/2006 7 20.9 13.8 16.8 64 16.6 8495.9

1/19/2006 7.5 21 14.05 16.95 64.5 16.83 8844.952

1/19/2006 8 21.1 14.3 17.1 65 16.94 9069.763

1/19/2006 8.5 21.45 14.1 17.15 63 16.97 9380.038

1/19/2006 9 21.8 13.9 17.2 61 17 9477.187

1/19/2006 9.5 22.3 14 17.45 59.5 18.22 9652.652

1/19/2006 10 22.8 14.1 17.7 58 18.02 9653.56

1/19/2006 10.5 23 14.45 17.95 58.5 17.49 9641.16

1/19/2006 11 23.2 14.8 18.2 59 17.83 9719.088

1/19/2006 11.5 23.3 15.1 18.4 60 17.94 9590.93

1/19/2006 12 23.4 15.4 18.6 61 20.39 9583.233

1/19/2006 12.5 22.2 16.7 18.85 72 23.78 9624.627

1/19/2006 13 21 18 19.1 83 26.42 9604.76

1/19/2006 13.5 21.1 17.35 18.8 79.5 26.78 9554.438

1/19/2006 14 21.2 16.7 18.5 76 33.11 9500.397

1/19/2006 14.5 21.3 16.85 18.6 76 27.85 9469.897

1/19/2006 15 21.4 17 18.7 76 28.45 9437.052

1/19/2006 15.5 21.25 17.2 18.75 77.5 72.04 9464.705

1/19/2006 16 21.1 17.4 18.8 79 68.26 9405.91

1/19/2006 16.5 21.6 16.6 18.55 73 27.01 9331.342

1/19/2006 17 22.1 15.8 18.3 67 24.2 9318.012

1/19/2006 17.5 22.1 16.05 18.45 68.5 26.07 9197.463

1/19/2006 18 22.1 16.3 18.6 70 26.54 9102.902

1/19/2006 18.5 21.65 16.8 18.7 74 18.28 8909.123

1/19/2006 19 21.2 17.3 18.8 78 16.9 8766.572

1/19/2006 19.5 21.4 16.9 18.65 75.5 20.02 8871.828

1/19/2006 20 21.6 16.5 18.5 73 18.26 8966.513

1/19/2006 20.5 21.75 16.2 18.4 71 19.3 8658.195

1/19/2006 21 21.9 15.9 18.3 69 17.47 8364.868

1/19/2006 21.5 21.45 16.5 18.45 73.5 17.82 8502.54

1/19/2006 22 21 17.1 18.6 78 17.48 8412.102

1/19/2006 22.5 21 17 18.55 77.5 17.46 8392.243

1/19/2006 23 21 16.9 18.5 77 16.97 8204.03

1/19/2006 23.5 21.35 16.45 18.4 73.5 17.3 8016.522

1/20/2006 0 21.7 16 18.3 70 16.73 7845.318

1/20/2006 0.5 21.7 15.85 18.2 69.5 16.44 7582.775

1/20/2006 1 21.7 15.7 18.1 69 16.44 7336.312

1/20/2006 1.5 21.6 15.6 18 69 16.31 6998.798

1/20/2006 2 21.5 15.5 17.9 69 15.47 6675.615

1/20/2006 2.5 21.35 15.6 17.9 70 15.13 6449.897

1/20/2006 3 21.2 15.7 17.9 71 15.1 6388.248

1/20/2006 3.5 21.15 15.95 18.05 72.5 15.06 6319.94

1/20/2006 4 21.1 16.2 18.2 74 15.1 6390.407

1/20/2006 4.5 21.2 15.85 18 72 15.13 6543.633

1/20/2006 5 21.3 15.5 17.8 70 15.5 6830.558

1/20/2006 5.5 21.5 15.65 18 69.5 16.56 7258.817

1/20/2006 6 21.7 15.8 18.2 69 16.93 7820.56

1/20/2006 6.5 21.2 16.7 18.5 75.5 16.87 8217.257

1/20/2006 7 20.7 17.6 18.8 82 16.79 8671.592

1/20/2006 7.5 21.05 17.65 18.95 80.5 17.67 9063.453

1/20/2006 8 21.4 17.7 19.1 79 17.65 9297.487

1/20/2006 8.5 22.45 17.1 19.15 72 19.09 9670.388

1/20/2006 9 23.5 16.5 19.2 65 21.87 9809.688

1/20/2006 9.5 23.75 16.25 19.15 63 24.82 9906.202

1/20/2006 10 24 16 19.1 61 18.08 9919.213

1/20/2006 10.5 24.15 16.3 19.35 61.5 17.77 9951.537

1/20/2006 11 24.3 16.6 19.6 62 20.79 9970.947

1/20/2006 11.5 24.3 17 19.8 63.5 21.6 9907.695

1/20/2006 12 24.3 17.4 20 65 24.86 9886.675

1/20/2006 12.5 24.65 17.25 20.05 63.5 26.62 9890.745

1/20/2006 13 25 17.1 20.1 62 37.07 9849.195

1/20/2006 13.5 25.3 16.55 19.9 58.5 28.96 9813.173

1/20/2006 14 25.6 16 19.7 55 34.45 9809.397

1/20/2006 14.5 25.85 16.1 19.85 54.5 42.48 9825.27

1/20/2006 15 26.1 16.2 20 54 51.68 9849.94

1/20/2006 15.5 25.7 16.4 19.95 56.5 58.52 9917.798

1/20/2006 16 25.3 16.6 19.9 59 44.4 9953.953

1/20/2006 16.5 25.1 17.25 20.2 62 30.71 9848.622

1/20/2006 17 24.9 17.9 20.5 65 26.25 9676.105

1/20/2006 17.5 24.6 18 20.45 66.5 23.96 9343.672

1/20/2006 18 24.3 18.1 20.4 68 23.47 9205.727

1/20/2006 18.5 23.7 18.4 20.35 72 21.41 8988.58

1/20/2006 19 23.1 18.7 20.3 76 18.41 8817.847

1/20/2006 19.5 23 18.55 20.2 76 21.17 8851.193

1/20/2006 20 22.9 18.4 20.1 76 19.58 8906.228

1/20/2006 20.5 22.85 18.45 20.1 76.5 19.42 8747.467

1/20/2006 21 22.8 18.5 20.1 77 18.09 8509.233

1/20/2006 21.5 22.7 18.5 20.05 77.5 18.2 8598.607

1/20/2006 22 22.6 18.5 20 78 16.89 8454.668

1/20/2006 22.5 22.4 18.15 19.75 77 17.21 8396.602

1/20/2006 23 22.2 17.8 19.5 76 16.89 8196.698

1/20/2006 23.5 21.8 17.85 19.35 78 17.46 8100.395

1/21/2006 0 21.4 17.9 19.2 80 16.87 7882.625

1/21/2006 0.5 21.2 17.95 19.15 81.5 16.53 7625.767

1/21/2006 1 21 18 19.1 83 16.41 7309.373

1/21/2006 1.5 21 17.8 19 82 16.56 7013.868

1/21/2006 2 21 17.6 18.9 81 15.28 6612.517

1/21/2006 2.5 21.05 17.45 18.85 80 15.15 6451.88

1/21/2006 3 21.1 17.3 18.8 79 15.07 6301.907

1/21/2006 3.5 20.95 17.4 18.8 80 14.63 6224.133

1/21/2006 4 20.8 17.5 18.8 81 14.47 6199.523

1/21/2006 4.5 20.8 17.6 18.85 81.5 14.98 6328.772

1/21/2006 5 20.8 17.7 18.9 82 14.99 6362.915

1/21/2006 5.5 20.85 17.85 19 83 15.08 6540.522

1/21/2006 6 20.9 18 19.1 84 15.32 6729.463

1/21/2006 6.5 21.15 18.2 19.3 83.5 16.29 7027.22

1/21/2006 7 21.4 18.4 19.5 83 16.37 7443.982

1/21/2006 7.5 22.4 18.7 20.05 79.5 16.89 7935.205

1/21/2006 8 23.4 19 20.6 76 17.25 8387.078

1/21/2006 8.5 24.4 19.35 21.15 73.5 18.02 8799.823

1/21/2006 9 25.4 19.7 21.7 71 20.76 9025.122

1/21/2006 9.5 26.45 19.7 22.05 67 27.42 9225.242

1/21/2006 10 27.5 19.7 22.4 63 30.12 9362.372

1/21/2006 10.5 27.5 19.7 22.4 63 31.78 9513.618

1/21/2006 11 27.5 19.7 22.4 63 39.27 9622.42

1/21/2006 11.5 27.25 19.75 22.35 64 40.34 9612.35

1/21/2006 12 27 19.8 22.3 65 45.31 9808.227

1/21/2006 12.5 27.2 20.1 22.55 65.5 57.5 9912.738

1/21/2006 13 27.4 20.4 22.8 66 51.03 9960.133

1/21/2006 13.5 27.15 20.2 22.6 66 76.79 10083.98

1/21/2006 14 26.9 20 22.4 66 104.89 10161.69

1/21/2006 14.5 26.85 19.85 22.3 65.5 110.63 10303.73

1/21/2006 15 26.8 19.7 22.2 65 204.3 10428.5

1/21/2006 15.5 26.75 19.55 22.1 64.5 216.81 10485.18

1/21/2006 16 26.7 19.4 22 64 214.89 10521.93

1/21/2006 16.5 26.9 19.25 21.95 63 103.02 10470.92

1/21/2006 17 27.1 19.1 21.9 62 100 10434.58

1/21/2006 17.5 26.65 19.15 21.8 63.5 95.98 10239.08

1/21/2006 18 26.2 19.2 21.7 65 63.57 10089.88

1/21/2006 18.5 25.55 19.2 21.45 68 38.94 9905.395

1/21/2006 19 24.9 19.2 21.2 71 31.83 9778.233

1/21/2006 19.5 24.55 19.55 21.3 74 30 9650.692
